OID_,FID_grids,treecover2,x,y,ID,ORIG_FID,climate,biomes1,biomes2,NEP,CC
0,71,1,73.5000000,39.5000000,1,0,2,7,2,400.0000000,0.1500000
1,72,1,73.5000000,40.5000000,2,1,16,7,2,400.0000000,0.1500000
2,73,1,73.5000000,41.5000000,3,2,6,7,2,400.0000000,0.1500000
3,103,1,74.5000000,39.5000000,4,3,1,7,2,400.0000000,0.1500000
4,104,1,74.5000000,40.5000000,5,4,1,7,2,400.0000000,0.1500000
5,105,1,74.5000000,41.5000000,6,5,5,11,2,133.0000000,0.1500000
6,135,1,75.5000000,37.5000000,7,6,1,7,2,400.0000000,0.1500000
7,136,1,75.5000000,38.5000000,8,7,19,7,2,400.0000000,0.1500000
9,138,1,75.5000000,40.5000000,10,9,5,7,2,400.0000000,0.1500000
10,139,1,75.5000000,41.5000000,11,10,8,11,2,133.0000000,0.1500000
12,173,1,76.5000000,37.5000000,13,12,19,7,2,400.0000000,0.1500000
13,174,1,76.5000000,38.5000000,14,13,19,7,2,400.0000000,0.1500000
16,177,1,76.5000000,41.5000000,17,16,8,11,2,133.0000000,0.1500000
17,207,1,77.5000000,41.5000000,18,17,8,7,2,400.0000000,0.1500000
18,235,1,78.5000000,31.5000000,19,18,11,7,2,400.0000000,0.1500000
19,236,1,78.5000000,32.5000000,20,19,1,7,2,400.0000000,0.1500000
23,267,1,79.5000000,42.5000000,24,23,5,7,2,400.0000000,0.1500000
24,268,1,79.5000000,43.5000000,25,24,8,11,2,133.0000000,0.1500000
25,294,1,80.5000000,30.5000000,26,25,1,7,2,400.0000000,0.1500000
27,296,1,80.5000000,42.5000000,28,27,1,7,2,400.0000000,0.1500000
28,297,1,80.5000000,43.5000000,29,28,8,7,2,400.0000000,0.1500000
29,298,1,80.5000000,44.5000000,30,29,1,11,2,133.0000000,0.1500000
30,299,1,80.5000000,45.5000000,31,30,13,7,2,400.0000000,0.1500000
31,323,1,81.5000000,30.5000000,32,31,1,7,2,400.0000000,0.1500000
33,325,1,81.5000000,42.5000000,34,33,1,7,2,400.0000000,0.1500000
34,326,1,81.5000000,43.5000000,35,34,13,7,2,400.0000000,0.1500000
35,327,1,81.5000000,44.5000000,36,35,1,7,2,400.0000000,0.1500000
36,328,1,81.5000000,45.5000000,37,36,5,7,2,400.0000000,0.1500000
37,351,1,82.5000000,29.5000000,38,37,1,7,2,400.0000000,0.1500000
38,352,1,82.5000000,42.5000000,39,38,8,7,2,400.0000000,0.1500000
39,353,1,82.5000000,43.5000000,40,39,19,7,2,400.0000000,0.1500000
40,354,1,82.5000000,44.5000000,41,40,8,7,2,400.0000000,0.1500000
41,355,1,82.5000000,45.5000000,42,41,19,11,2,133.0000000,0.1500000
42,356,1,82.5000000,46.5000000,43,42,23,11,2,133.0000000,0.1500000
43,377,1,83.5000000,29.5000000,45,44,1,7,2,400.0000000,0.1500000
44,378,1,83.5000000,42.5000000,46,45,1,7,2,400.0000000,0.1500000
45,379,1,83.5000000,43.5000000,47,46,19,7,2,400.0000000,0.1500000
47,381,1,83.5000000,45.5000000,49,48,8,11,2,133.0000000,0.1500000
48,382,1,83.5000000,46.5000000,50,49,8,11,2,133.0000000,0.1500000
50,402,1,84.5000000,42.5000000,55,54,8,7,2,400.0000000,0.1500000
53,405,1,84.5000000,46.5000000,58,57,5,11,2,133.0000000,0.1500000
54,423,1,85.5000000,28.5000000,62,61,2,7,2,400.0000000,0.1500000
56,425,1,85.5000000,43.5000000,64,63,1,7,2,400.0000000,0.1500000
59,428,1,85.5000000,46.5000000,67,66,19,11,2,133.0000000,0.1500000
61,446,1,86.5000000,28.5000000,72,71,1,7,2,400.0000000,0.1500000
64,449,1,86.5000000,43.5000000,75,74,5,7,2,400.0000000,0.1500000
68,467,1,87.5000000,28.5000000,82,81,14,7,2,400.0000000,0.1500000
70,469,1,87.5000000,43.5000000,84,83,8,7,2,400.0000000,0.1500000
74,487,1,88.5000000,43.5000000,91,90,19,7,2,400.0000000,0.1500000
78,505,1,89.5000000,28.5000000,97,96,1,7,2,400.0000000,0.1500000
79,506,1,89.5000000,29.5000000,98,97,1,7,2,400.0000000,0.1500000
80,507,1,89.5000000,43.5000000,99,98,1,7,2,400.0000000,0.1500000
83,524,1,90.5000000,28.5000000,104,103,1,7,2,400.0000000,0.1500000
84,525,1,90.5000000,29.5000000,105,104,1,7,2,400.0000000,0.1500000
85,526,1,90.5000000,43.5000000,106,105,8,7,2,400.0000000,0.1500000
89,543,1,91.5000000,28.5000000,111,110,1,7,2,400.0000000,0.1500000
90,544,1,91.5000000,29.5000000,112,111,14,7,2,400.0000000,0.1500000
91,545,1,91.5000000,30.5000000,113,112,14,7,2,400.0000000,0.1500000
92,546,1,91.5000000,31.5000000,114,113,14,7,2,400.0000000,0.1500000
95,561,1,92.5000000,26.5000000,117,116,30,15,-9999,403.0000000,0.1500000
97,563,1,92.5000000,28.5000000,119,118,8,7,2,400.0000000,0.1500000
98,564,1,92.5000000,29.5000000,120,119,1,7,2,400.0000000,0.1500000
99,565,1,92.5000000,30.5000000,121,120,1,7,2,400.0000000,0.1500000
100,566,1,92.5000000,31.5000000,122,121,14,7,2,400.0000000,0.1500000
101,567,1,92.5000000,32.5000000,123,122,1,7,2,400.0000000,0.1500000
102,568,1,92.5000000,43.5000000,124,123,8,7,2,400.0000000,0.1500000
103,585,1,93.5000000,26.5000000,125,124,24,15,-9999,403.0000000,0.1500000
106,588,1,93.5000000,29.5000000,128,127,14,7,2,400.0000000,0.1500000
107,589,1,93.5000000,30.5000000,129,128,1,7,2,400.0000000,0.1500000
109,591,1,93.5000000,32.5000000,131,130,1,7,2,400.0000000,0.1500000
111,612,1,94.5000000,27.5000000,133,132,24,15,-9999,403.0000000,0.1500000
115,616,1,94.5000000,31.5000000,137,136,14,7,2,400.0000000,0.1500000
116,617,1,94.5000000,32.5000000,138,137,1,7,2,400.0000000,0.1500000
117,636,1,95.5000000,27.5000000,139,138,24,15,-9999,403.0000000,0.1500000
122,641,1,95.5000000,32.5000000,144,143,14,7,2,400.0000000,0.1500000
124,660,1,96.5000000,28.5000000,146,145,1,7,2,400.0000000,0.1500000
126,662,1,96.5000000,30.5000000,148,147,14,7,2,400.0000000,0.1500000
127,663,1,96.5000000,31.5000000,149,148,1,7,2,400.0000000,0.1500000
128,664,1,96.5000000,32.5000000,150,149,1,7,2,400.0000000,0.1500000
129,682,1,97.5000000,23.5000000,151,150,27,15,-9999,403.0000000,0.1500000
130,683,1,97.5000000,24.5000000,152,151,27,15,-9999,403.0000000,0.1500000
131,684,1,97.5000000,25.5000000,153,152,24,15,-9999,403.0000000,0.1500000
132,686,1,97.5000000,27.5000000,154,153,24,15,-9999,403.0000000,0.1500000
133,687,1,97.5000000,28.5000000,155,154,1,7,2,400.0000000,0.1500000
134,688,1,97.5000000,29.5000000,156,155,19,7,2,400.0000000,0.1500000
136,690,1,97.5000000,31.5000000,158,157,1,7,2,400.0000000,0.1500000
137,691,1,97.5000000,32.5000000,159,158,1,7,2,400.0000000,0.1500000
138,708,1,98.5000000,23.5000000,160,159,24,15,-9999,403.0000000,0.1500000
139,709,1,98.5000000,24.5000000,161,160,27,15,-9999,403.0000000,0.1500000
140,710,1,98.5000000,25.5000000,162,161,27,15,-9999,403.0000000,0.1500000
145,715,1,98.5000000,30.5000000,167,166,1,7,2,400.0000000,0.1500000
147,717,1,98.5000000,32.5000000,169,168,1,7,2,400.0000000,0.1500000
148,718,1,98.5000000,36.5000000,170,169,1,7,2,400.0000000,0.1500000
149,719,1,98.5000000,39.5000000,171,170,19,7,2,400.0000000,0.1500000
150,733,1,99.5000000,21.5000000,172,171,27,15,-9999,403.0000000,0.1500000
151,734,1,99.5000000,22.5000000,173,172,27,15,-9999,403.0000000,0.1500000
152,735,1,99.5000000,23.5000000,174,173,24,15,-9999,403.0000000,0.1500000
153,736,1,99.5000000,24.5000000,175,174,27,15,-9999,403.0000000,0.1500000
154,737,1,99.5000000,25.5000000,176,175,27,15,-9999,403.0000000,0.1500000
159,742,1,99.5000000,30.5000000,181,180,14,7,2,400.0000000,0.1500000
160,743,1,99.5000000,31.5000000,182,181,14,7,2,400.0000000,0.1500000
161,744,1,99.5000000,32.5000000,183,182,1,7,2,400.0000000,0.1500000
162,745,1,99.5000000,33.5000000,184,183,1,7,2,400.0000000,0.1500000
163,746,1,99.5000000,36.5000000,185,184,8,7,2,400.0000000,0.1500000
164,747,1,99.5000000,38.5000000,186,185,1,7,2,400.0000000,0.1500000
165,762,1,100.5000000,21.5000000,187,186,27,15,-9999,403.0000000,0.1500000
166,763,1,100.5000000,22.5000000,188,187,24,15,-9999,403.0000000,0.1500000
167,764,1,100.5000000,23.5000000,189,188,27,15,-9999,403.0000000,0.1500000
168,765,1,100.5000000,24.5000000,190,189,24,15,-9999,403.0000000,0.1500000
169,766,1,100.5000000,25.5000000,191,190,27,15,-9999,403.0000000,0.1500000
170,767,1,100.5000000,26.5000000,192,191,24,15,-9999,403.0000000,0.1500000
172,769,1,100.5000000,28.5000000,194,193,14,7,2,400.0000000,0.1500000
173,770,1,100.5000000,29.5000000,195,194,14,7,2,400.0000000,0.1500000
175,772,1,100.5000000,31.5000000,197,196,14,7,2,400.0000000,0.1500000
176,773,1,100.5000000,32.5000000,198,197,1,7,2,400.0000000,0.1500000
177,774,1,100.5000000,35.5000000,199,198,1,7,2,400.0000000,0.1500000
178,775,1,100.5000000,36.5000000,200,199,1,7,2,400.0000000,0.1500000
181,793,1,101.5000000,21.5000000,203,202,24,15,-9999,403.0000000,0.1500000
182,794,1,101.5000000,22.5000000,204,203,24,15,-9999,403.0000000,0.1500000
183,795,1,101.5000000,23.5000000,205,204,24,15,-9999,403.0000000,0.1500000
184,796,1,101.5000000,24.5000000,206,205,24,15,-9999,403.0000000,0.1500000
185,797,1,101.5000000,25.5000000,207,206,27,15,-9999,403.0000000,0.1500000
186,798,1,101.5000000,26.5000000,208,207,25,15,-9999,403.0000000,0.1500000
187,799,1,101.5000000,27.5000000,209,208,27,15,-9999,403.0000000,0.1500000
190,802,1,101.5000000,30.5000000,212,211,27,7,2,400.0000000,0.1500000
191,803,1,101.5000000,31.5000000,213,212,1,7,2,400.0000000,0.1500000
193,805,1,101.5000000,35.5000000,215,214,1,7,2,400.0000000,0.1500000
194,806,1,101.5000000,36.5000000,216,215,14,7,2,400.0000000,0.1500000
195,807,1,101.5000000,37.5000000,217,216,1,7,2,400.0000000,0.1500000
197,825,1,102.5000000,22.5000000,219,218,24,15,-9999,403.0000000,0.1500000
198,826,1,102.5000000,23.5000000,220,219,27,15,-9999,403.0000000,0.1500000
199,827,1,102.5000000,24.5000000,221,220,27,15,-9999,403.0000000,0.1500000
200,828,1,102.5000000,25.5000000,222,221,27,15,-9999,403.0000000,0.1500000
201,829,1,102.5000000,26.5000000,223,222,24,15,-9999,403.0000000,0.1500000
202,830,1,102.5000000,27.5000000,224,223,27,15,-9999,403.0000000,0.1500000
203,831,1,102.5000000,28.5000000,225,224,27,15,-9999,403.0000000,0.1500000
205,833,1,102.5000000,30.5000000,227,226,15,7,2,400.0000000,0.1500000
206,834,1,102.5000000,31.5000000,228,227,15,7,2,400.0000000,0.1500000
207,835,1,102.5000000,32.5000000,229,228,15,7,2,400.0000000,0.1500000
208,836,1,102.5000000,33.5000000,230,229,14,7,2,400.0000000,0.1500000
209,837,1,102.5000000,34.5000000,231,230,14,7,2,400.0000000,0.1500000
211,839,1,102.5000000,36.5000000,233,232,8,7,2,400.0000000,0.1500000
212,840,1,102.5000000,37.5000000,234,233,14,7,2,400.0000000,0.1500000
213,857,1,103.5000000,22.5000000,235,234,27,15,-9999,403.0000000,0.1500000
214,858,1,103.5000000,23.5000000,236,235,27,15,-9999,403.0000000,0.1500000
215,859,1,103.5000000,24.5000000,237,236,27,15,-9999,403.0000000,0.1500000
216,860,1,103.5000000,25.5000000,238,237,27,15,-9999,403.0000000,0.1500000
217,861,1,103.5000000,26.5000000,239,238,27,15,-9999,403.0000000,0.1500000
218,862,1,103.5000000,27.5000000,240,239,27,15,-9999,403.0000000,0.1500000
224,868,1,103.5000000,33.5000000,246,245,15,7,2,400.0000000,0.1500000
226,870,1,103.5000000,35.5000000,248,247,15,7,2,400.0000000,0.1500000
227,871,1,103.5000000,36.5000000,249,248,8,7,2,400.0000000,0.1500000
229,889,1,104.5000000,22.5000000,251,250,24,15,-9999,403.0000000,0.1500000
230,890,1,104.5000000,23.5000000,252,251,24,15,-9999,403.0000000,0.1500000
231,891,1,104.5000000,24.5000000,253,252,24,15,-9999,403.0000000,0.1500000
232,892,1,104.5000000,25.5000000,254,253,27,15,-9999,403.0000000,0.1500000
233,893,1,104.5000000,26.5000000,255,254,27,15,-9999,403.0000000,0.1500000
234,894,1,104.5000000,27.5000000,256,255,27,15,-9999,403.0000000,0.1500000
235,895,1,104.5000000,28.5000000,257,256,24,15,-9999,403.0000000,0.1500000
242,902,1,104.5000000,35.5000000,264,263,8,7,2,400.0000000,0.1500000
245,919,1,105.5000000,22.5000000,267,266,24,15,-9999,403.0000000,0.1500000
246,920,1,105.5000000,23.5000000,268,267,27,15,-9999,403.0000000,0.1500000
247,921,1,105.5000000,24.5000000,269,268,24,15,-9999,403.0000000,0.1500000
248,922,1,105.5000000,25.5000000,270,269,27,15,-9999,403.0000000,0.1500000
249,923,1,105.5000000,26.5000000,271,270,27,15,-9999,403.0000000,0.1500000
250,924,1,105.5000000,27.5000000,272,271,11,15,-9999,403.0000000,0.1500000
251,925,1,105.5000000,28.5000000,273,272,22,15,-9999,403.0000000,0.1500000
258,932,1,105.5000000,35.5000000,280,279,8,7,2,400.0000000,0.1500000
259,933,1,105.5000000,36.5000000,281,280,8,7,2,400.0000000,0.1500000
262,950,1,106.5000000,21.5000000,284,283,24,15,-9999,403.0000000,0.1500000
263,951,1,106.5000000,22.5000000,285,284,24,15,-9999,403.0000000,0.1500000
264,952,1,106.5000000,23.5000000,286,285,24,15,-9999,403.0000000,0.1500000
265,953,1,106.5000000,24.5000000,287,286,24,15,-9999,403.0000000,0.1500000
266,954,1,106.5000000,25.5000000,288,287,24,15,-9999,403.0000000,0.1500000
267,955,1,106.5000000,26.5000000,289,288,24,15,-9999,403.0000000,0.1500000
268,956,1,106.5000000,27.5000000,290,289,22,15,-9999,403.0000000,0.1500000
269,957,1,106.5000000,28.5000000,291,290,22,15,-9999,403.0000000,0.1500000
276,964,1,106.5000000,35.5000000,298,297,15,7,2,400.0000000,0.1500000
277,965,1,106.5000000,37.5000000,299,298,8,7,2,400.0000000,0.1500000
278,966,1,106.5000000,38.5000000,300,299,19,7,2,400.0000000,0.1500000
280,980,1,107.5000000,21.5000000,302,301,24,15,-9999,403.0000000,0.1500000
281,981,1,107.5000000,22.5000000,303,302,24,15,-9999,403.0000000,0.1500000
282,982,1,107.5000000,23.5000000,304,303,24,15,-9999,403.0000000,0.1500000
283,983,1,107.5000000,24.5000000,305,304,24,15,-9999,403.0000000,0.1500000
284,984,1,107.5000000,25.5000000,306,305,24,15,-9999,403.0000000,0.1500000
285,985,1,107.5000000,26.5000000,307,306,22,15,-9999,403.0000000,0.1500000
286,986,1,107.5000000,27.5000000,308,307,22,15,-9999,403.0000000,0.1500000
287,987,1,107.5000000,28.5000000,309,308,22,15,-9999,403.0000000,0.1500000
288,988,1,107.5000000,29.5000000,310,309,22,15,-9999,403.0000000,0.1500000
295,995,1,107.5000000,36.5000000,317,316,8,7,2,400.0000000,0.1500000
299,1009,1,108.5000000,22.5000000,321,320,24,15,-9999,403.0000000,0.1500000
300,1010,1,108.5000000,23.5000000,322,321,22,15,-9999,403.0000000,0.1500000
301,1011,1,108.5000000,24.5000000,323,322,24,15,-9999,403.0000000,0.1500000
302,1012,1,108.5000000,25.5000000,324,323,22,15,-9999,403.0000000,0.1500000
303,1013,1,108.5000000,26.5000000,325,324,22,15,-9999,403.0000000,0.1500000
304,1014,1,108.5000000,27.5000000,326,325,22,15,-9999,403.0000000,0.1500000
305,1015,1,108.5000000,28.5000000,327,326,22,15,-9999,403.0000000,0.1500000
306,1016,1,108.5000000,29.5000000,328,327,22,15,-9999,403.0000000,0.1500000
307,1017,1,108.5000000,30.5000000,329,328,22,15,-9999,403.0000000,0.1500000
314,1024,1,108.5000000,37.5000000,336,335,15,7,2,400.0000000,0.1500000
315,1025,1,108.5000000,40.5000000,337,336,19,7,2,400.0000000,0.1500000
317,1036,1,109.5000000,18.5000000,339,338,30,15,-9999,403.0000000,0.1500000
318,1037,1,109.5000000,19.5000000,340,339,30,15,-9999,403.0000000,0.1500000
321,1040,1,109.5000000,22.5000000,343,342,22,15,-9999,403.0000000,0.1500000
322,1041,1,109.5000000,23.5000000,344,343,22,15,-9999,403.0000000,0.1500000
323,1042,1,109.5000000,24.5000000,345,344,22,15,-9999,403.0000000,0.1500000
324,1043,1,109.5000000,25.5000000,346,345,22,15,-9999,403.0000000,0.1500000
325,1044,1,109.5000000,26.5000000,347,346,22,15,-9999,403.0000000,0.1500000
326,1045,1,109.5000000,27.5000000,348,347,22,15,-9999,403.0000000,0.1500000
327,1046,1,109.5000000,28.5000000,349,348,22,15,-9999,403.0000000,0.1500000
328,1047,1,109.5000000,29.5000000,350,349,24,15,-9999,403.0000000,0.1500000
329,1048,1,109.5000000,30.5000000,351,350,22,15,-9999,403.0000000,0.1500000
336,1055,1,109.5000000,37.5000000,358,357,8,7,2,400.0000000,0.1500000
337,1056,1,109.5000000,38.5000000,359,358,8,7,2,400.0000000,0.1500000
338,1057,1,109.5000000,39.5000000,360,359,8,7,2,400.0000000,0.1500000
339,1058,1,109.5000000,40.5000000,361,360,8,7,2,400.0000000,0.1500000
341,1068,1,110.5000000,19.5000000,363,362,29,15,-9999,403.0000000,0.1500000
343,1070,1,110.5000000,21.5000000,365,364,22,15,-9999,403.0000000,0.1500000
344,1071,1,110.5000000,22.5000000,366,365,22,15,-9999,403.0000000,0.1500000
345,1072,1,110.5000000,23.5000000,367,366,22,15,-9999,403.0000000,0.1500000
346,1073,1,110.5000000,24.5000000,368,367,22,15,-9999,403.0000000,0.1500000
347,1074,1,110.5000000,25.5000000,369,368,22,15,-9999,403.0000000,0.1500000
348,1075,1,110.5000000,26.5000000,370,369,22,15,-9999,403.0000000,0.1500000
349,1076,1,110.5000000,27.5000000,371,370,22,15,-9999,403.0000000,0.1500000
350,1077,1,110.5000000,28.5000000,372,371,22,15,-9999,403.0000000,0.1500000
351,1078,1,110.5000000,29.5000000,373,372,22,15,-9999,403.0000000,0.1500000
352,1079,1,110.5000000,30.5000000,374,373,22,15,-9999,403.0000000,0.1500000
360,1087,1,110.5000000,38.5000000,382,381,20,7,2,400.0000000,0.1500000
361,1088,1,110.5000000,40.5000000,383,382,8,11,2,133.0000000,0.1500000
363,1099,1,111.5000000,22.5000000,385,384,24,15,-9999,403.0000000,0.1500000
364,1100,1,111.5000000,23.5000000,386,385,22,15,-9999,403.0000000,0.1500000
365,1101,1,111.5000000,24.5000000,387,386,22,15,-9999,403.0000000,0.1500000
366,1102,1,111.5000000,25.5000000,388,387,22,15,-9999,403.0000000,0.1500000
367,1103,1,111.5000000,26.5000000,389,388,22,15,-9999,403.0000000,0.1500000
368,1104,1,111.5000000,27.5000000,390,389,22,15,-9999,403.0000000,0.1500000
369,1105,1,111.5000000,28.5000000,391,390,22,15,-9999,403.0000000,0.1500000
370,1106,1,111.5000000,29.5000000,392,391,22,15,-9999,403.0000000,0.1500000
371,1107,1,111.5000000,30.5000000,393,392,22,15,-9999,403.0000000,0.1500000
379,1115,1,111.5000000,38.5000000,401,400,15,7,2,400.0000000,0.1500000
380,1116,1,111.5000000,39.5000000,402,401,8,7,2,400.0000000,0.1500000
381,1117,1,111.5000000,40.5000000,403,402,8,11,2,133.0000000,0.1500000
382,1118,1,111.5000000,41.5000000,404,403,8,11,2,133.0000000,0.1500000
384,1127,1,112.5000000,22.5000000,406,405,24,15,-9999,403.0000000,0.1500000
385,1128,1,112.5000000,23.5000000,407,406,22,15,-9999,403.0000000,0.1500000
386,1129,1,112.5000000,24.5000000,408,407,22,15,-9999,403.0000000,0.1500000
387,1130,1,112.5000000,25.5000000,409,408,22,15,-9999,403.0000000,0.1500000
388,1131,1,112.5000000,26.5000000,410,409,22,15,-9999,403.0000000,0.1500000
401,1144,1,112.5000000,39.5000000,423,422,15,11,2,133.0000000,0.1500000
402,1145,1,112.5000000,40.5000000,424,423,8,11,2,133.0000000,0.1500000
403,1146,1,112.5000000,41.5000000,425,424,8,11,2,133.0000000,0.1500000
405,1155,1,113.5000000,22.5000000,427,426,24,15,-9999,403.0000000,0.1500000
406,1156,1,113.5000000,23.5000000,428,427,24,15,-9999,403.0000000,0.1500000
407,1157,1,113.5000000,24.5000000,429,428,22,15,-9999,403.0000000,0.1500000
408,1158,1,113.5000000,25.5000000,430,429,22,15,-9999,403.0000000,0.1500000
409,1159,1,113.5000000,26.5000000,431,430,22,15,-9999,403.0000000,0.1500000
410,1160,1,113.5000000,27.5000000,432,431,22,15,-9999,403.0000000,0.1500000
411,1161,1,113.5000000,28.5000000,433,432,22,15,-9999,403.0000000,0.1500000
423,1173,1,113.5000000,40.5000000,445,444,15,11,2,133.0000000,0.1500000
426,1183,1,114.5000000,23.5000000,448,447,24,15,-9999,403.0000000,0.1500000
427,1184,1,114.5000000,24.5000000,449,448,22,15,-9999,403.0000000,0.1500000
428,1185,1,114.5000000,25.5000000,450,449,22,15,-9999,403.0000000,0.1500000
429,1186,1,114.5000000,26.5000000,451,450,22,15,-9999,403.0000000,0.1500000
430,1187,1,114.5000000,27.5000000,452,451,22,15,-9999,403.0000000,0.1500000
431,1188,1,114.5000000,28.5000000,453,452,22,15,-9999,403.0000000,0.1500000
443,1200,1,114.5000000,40.5000000,465,464,8,11,2,133.0000000,0.1500000
444,1201,1,114.5000000,41.5000000,466,465,15,11,2,133.0000000,0.1500000
446,1209,1,115.5000000,23.5000000,468,467,22,15,-9999,403.0000000,0.1500000
447,1210,1,115.5000000,24.5000000,469,468,22,15,-9999,403.0000000,0.1500000
448,1211,1,115.5000000,25.5000000,470,469,22,15,-9999,403.0000000,0.1500000
449,1212,1,115.5000000,26.5000000,471,470,22,15,-9999,403.0000000,0.1500000
450,1213,1,115.5000000,27.5000000,472,471,22,15,-9999,403.0000000,0.1500000
464,1227,1,115.5000000,41.5000000,486,485,15,11,2,133.0000000,0.1500000
466,1235,1,116.5000000,23.5000000,488,487,22,15,-9999,403.0000000,0.1500000
467,1236,1,116.5000000,24.5000000,489,488,22,15,-9999,403.0000000,0.1500000
468,1237,1,116.5000000,25.5000000,490,489,22,15,-9999,403.0000000,0.1500000
469,1238,1,116.5000000,26.5000000,491,490,22,15,-9999,403.0000000,0.1500000
470,1239,1,116.5000000,27.5000000,492,491,22,15,-9999,403.0000000,0.1500000
485,1254,1,116.5000000,42.5000000,507,506,15,11,2,133.0000000,0.1500000
486,1255,1,116.5000000,43.5000000,508,507,8,11,2,133.0000000,0.1500000
488,1262,1,117.5000000,24.5000000,510,509,22,15,-9999,403.0000000,0.1500000
489,1263,1,117.5000000,25.5000000,511,510,22,15,-9999,403.0000000,0.1500000
490,1264,1,117.5000000,26.5000000,512,511,22,15,-9999,403.0000000,0.1500000
491,1265,1,117.5000000,27.5000000,513,512,22,15,-9999,403.0000000,0.1500000
508,1282,1,117.5000000,44.5000000,530,529,15,11,2,131.0000000,0.1600000
510,1291,1,118.5000000,25.5000000,534,533,22,15,-9999,403.0000000,0.1500000
511,1292,1,118.5000000,26.5000000,535,534,22,15,-9999,403.0000000,0.1500000
512,1293,1,118.5000000,27.5000000,536,535,22,15,-9999,403.0000000,0.1500000
513,1294,1,118.5000000,28.5000000,537,536,22,15,-9999,403.0000000,0.1500000
528,1309,1,118.5000000,43.5000000,552,551,8,11,2,133.0000000,0.1500000
529,1310,1,118.5000000,44.5000000,553,552,14,11,2,131.0000000,0.1600000
530,1311,1,118.5000000,46.5000000,554,553,15,11,2,131.0000000,0.1600000
532,1323,1,119.5000000,25.5000000,558,557,22,15,-9999,403.0000000,0.1500000
533,1324,1,119.5000000,26.5000000,559,558,22,15,-9999,403.0000000,0.1500000
534,1325,1,119.5000000,27.5000000,560,559,22,15,-9999,403.0000000,0.1500000
535,1326,1,119.5000000,28.5000000,561,560,22,15,-9999,403.0000000,0.1500000
548,1339,1,119.5000000,43.5000000,574,573,8,11,2,133.0000000,0.1500000
549,1340,1,119.5000000,44.5000000,575,574,15,11,2,131.0000000,0.1600000
550,1341,1,119.5000000,45.5000000,576,575,15,11,2,131.0000000,0.1600000
551,1342,1,119.5000000,46.5000000,577,576,15,11,2,131.0000000,0.1600000
552,1356,1,120.5000000,22.5000000,583,582,30,15,-9999,403.0000000,0.1500000
553,1357,1,120.5000000,23.5000000,584,583,24,15,-9999,403.0000000,0.1500000
556,1360,1,120.5000000,27.5000000,587,586,22,15,-9999,403.0000000,0.1500000
557,1361,1,120.5000000,28.5000000,588,587,22,15,-9999,403.0000000,0.1500000
558,1362,1,120.5000000,29.5000000,589,588,22,15,-9999,403.0000000,0.1500000
571,1375,1,120.5000000,44.5000000,602,601,8,11,2,131.0000000,0.1600000
572,1376,1,120.5000000,45.5000000,603,602,15,11,2,131.0000000,0.1600000
573,1377,1,120.5000000,46.5000000,604,603,15,11,2,131.0000000,0.1600000
575,1395,1,121.5000000,24.5000000,613,612,22,15,-9999,403.0000000,0.1500000
578,1398,1,121.5000000,28.5000000,616,615,22,15,-9999,403.0000000,0.1500000
590,1410,1,121.5000000,44.5000000,628,627,8,11,2,131.0000000,0.1600000
591,1411,1,121.5000000,45.5000000,629,628,15,11,2,131.0000000,0.1600000
592,1412,1,121.5000000,46.5000000,630,629,15,11,2,131.0000000,0.1600000
601,1435,1,122.5000000,44.5000000,646,645,8,11,2,131.0000000,0.1600000
602,1436,1,122.5000000,46.5000000,647,646,20,11,2,131.0000000,0.1600000
608,1452,1,123.5000000,45.5000000,660,659,8,11,2,131.0000000,0.1600000
609,1453,1,123.5000000,46.5000000,661,660,20,3,2,131.0000000,0.1600000
616,1471,1,124.5000000,46.5000000,675,674,20,3,2,131.0000000,0.1600000
623,1492,1,125.5000000,46.5000000,689,688,20,11,2,131.0000000,0.1600000
629,1514,1,126.5000000,46.5000000,702,701,20,9,6,131.0000000,0.1600000
635,1537,1,127.5000000,46.5000000,714,713,15,9,6,131.0000000,0.1600000
641,1563,1,128.5000000,46.5000000,725,724,15,9,6,131.0000000,0.1600000
654,1625,1,131.5000000,45.5000000,746,745,15,3,2,131.0000000,0.1600000
656,1642,1,132.5000000,45.5000000,749,748,15,3,2,131.0000000,0.1600000
657,1643,1,132.5000000,46.5000000,750,749,20,3,2,131.0000000,0.1600000
658,1660,1,133.5000000,45.5000000,752,751,15,3,2,131.0000000,0.1600000
662,357,1,82.5000000,47.5000000,44,43,13,11,2,133.0000000,0.1500000
663,383,1,83.5000000,47.5000000,51,50,13,11,2,133.0000000,0.1500000
665,385,1,83.5000000,49.5000000,53,52,13,11,2,133.0000000,0.1500000
666,406,1,84.5000000,47.5000000,59,58,13,11,2,133.0000000,0.1500000
668,408,1,84.5000000,49.5000000,61,60,13,11,2,133.0000000,0.1500000
669,429,1,85.5000000,47.5000000,68,67,8,7,2,400.0000000,0.1500000
671,431,1,85.5000000,49.5000000,70,69,5,11,2,133.0000000,0.1500000
674,454,1,86.5000000,49.5000000,80,79,1,11,2,133.0000000,0.1500000
677,474,1,87.5000000,49.5000000,89,88,1,7,2,400.0000000,0.1500000
679,491,1,88.5000000,48.5000000,95,94,5,7,2,400.0000000,0.1500000
682,529,1,90.5000000,47.5000000,109,108,14,7,2,400.0000000,0.1500000
683,1283,1,117.5000000,47.5000000,531,530,8,11,2,131.0000000,0.1600000
684,1284,1,117.5000000,49.5000000,532,531,15,11,2,131.0000000,0.1600000
685,1312,1,118.5000000,47.5000000,555,554,15,11,2,131.0000000,0.1600000
686,1313,1,118.5000000,49.5000000,556,555,15,11,2,131.0000000,0.1600000
687,1343,1,119.5000000,47.5000000,578,577,15,11,2,131.0000000,0.1600000
688,1344,1,119.5000000,48.5000000,579,578,15,11,2,131.0000000,0.1600000
689,1345,1,119.5000000,49.5000000,580,579,15,11,2,131.0000000,0.1600000
690,1346,1,119.5000000,50.5000000,581,580,14,11,2,131.0000000,0.1600000
691,1347,1,119.5000000,51.5000000,582,581,14,11,2,131.0000000,0.1600000
692,1378,1,120.5000000,47.5000000,605,604,14,-9999,6,131.0000000,0.1600000
693,1379,1,120.5000000,48.5000000,606,605,14,11,2,131.0000000,0.1600000
694,1380,1,120.5000000,49.5000000,607,606,15,11,2,131.0000000,0.1600000
695,1381,1,120.5000000,50.5000000,608,607,14,11,2,131.0000000,0.1600000
696,1382,1,120.5000000,51.5000000,609,608,14,-9999,6,131.0000000,0.1600000
697,1383,1,120.5000000,52.5000000,610,609,14,-9999,6,131.0000000,0.1600000
698,1384,1,120.5000000,53.5000000,611,610,14,-9999,6,131.0000000,0.1600000
699,1413,1,121.5000000,47.5000000,631,630,14,-9999,6,131.0000000,0.1600000
700,1414,1,121.5000000,48.5000000,632,631,14,-9999,6,131.0000000,0.1600000
701,1415,1,121.5000000,49.5000000,633,632,14,11,2,131.0000000,0.1600000
702,1416,1,121.5000000,50.5000000,634,633,14,-9999,6,131.0000000,0.1600000
703,1417,1,121.5000000,51.5000000,635,634,14,-9999,6,131.0000000,0.1600000
704,1418,1,121.5000000,52.5000000,636,635,14,-9999,6,131.0000000,0.1600000
705,1419,1,121.5000000,53.5000000,637,636,14,-9999,6,131.0000000,0.1600000
706,1437,1,122.5000000,47.5000000,648,647,15,11,2,131.0000000,0.1600000
707,1438,1,122.5000000,48.5000000,649,648,14,9,6,131.0000000,0.1600000
708,1439,1,122.5000000,49.5000000,650,649,15,-9999,6,131.0000000,0.1600000
709,1440,1,122.5000000,50.5000000,651,650,14,-9999,6,131.0000000,0.1600000
710,1441,1,122.5000000,51.5000000,652,651,14,-9999,6,131.0000000,0.1600000
711,1442,1,122.5000000,52.5000000,653,652,14,-9999,6,131.0000000,0.1600000
712,1443,1,122.5000000,53.5000000,654,653,14,-9999,6,131.0000000,0.1600000
713,1454,1,123.5000000,47.5000000,662,661,20,3,2,131.0000000,0.1600000
714,1455,1,123.5000000,48.5000000,663,662,15,9,6,131.0000000,0.1600000
715,1456,1,123.5000000,49.5000000,664,663,15,-9999,6,131.0000000,0.1600000
716,1457,1,123.5000000,50.5000000,665,664,14,-9999,6,131.0000000,0.1600000
717,1458,1,123.5000000,51.5000000,666,665,14,-9999,6,131.0000000,0.1600000
718,1459,1,123.5000000,52.5000000,667,666,14,-9999,6,131.0000000,0.1600000
719,1460,1,123.5000000,53.5000000,668,667,14,-9999,6,131.0000000,0.1600000
720,1472,1,124.5000000,47.5000000,676,675,20,11,2,131.0000000,0.1600000
721,1473,1,124.5000000,48.5000000,677,676,15,11,2,131.0000000,0.1600000
722,1474,1,124.5000000,49.5000000,678,677,15,9,6,131.0000000,0.1600000
723,1475,1,124.5000000,50.5000000,679,678,14,-9999,6,131.0000000,0.1600000
724,1476,1,124.5000000,51.5000000,680,679,14,-9999,6,131.0000000,0.1600000
725,1477,1,124.5000000,52.5000000,681,680,14,-9999,6,131.0000000,0.1600000
726,1478,1,124.5000000,53.5000000,682,681,14,-9999,6,131.0000000,0.1600000
727,1493,1,125.5000000,47.5000000,690,689,20,9,6,131.0000000,0.1600000
728,1494,1,125.5000000,48.5000000,691,690,15,11,2,131.0000000,0.1600000
729,1495,1,125.5000000,49.5000000,692,691,15,11,2,131.0000000,0.1600000
730,1496,1,125.5000000,50.5000000,693,692,15,9,6,131.0000000,0.1600000
731,1497,1,125.5000000,51.5000000,694,693,14,9,6,131.0000000,0.1600000
732,1498,1,125.5000000,52.5000000,695,694,14,9,6,131.0000000,0.1600000
733,1499,1,125.5000000,53.5000000,696,695,14,-9999,6,131.0000000,0.1600000
734,1515,1,126.5000000,47.5000000,703,702,15,9,6,131.0000000,0.1600000
735,1516,1,126.5000000,48.5000000,704,703,15,11,2,131.0000000,0.1600000
736,1517,1,126.5000000,49.5000000,705,704,15,9,6,131.0000000,0.1600000
737,1518,1,126.5000000,50.5000000,706,705,14,9,6,131.0000000,0.1600000
738,1519,1,126.5000000,51.5000000,707,706,15,-9999,6,131.0000000,0.1600000
739,1520,1,126.5000000,52.5000000,708,707,14,9,6,131.0000000,0.1600000
740,1538,1,127.5000000,47.5000000,715,714,15,9,6,131.0000000,0.1600000
741,1539,1,127.5000000,48.5000000,716,715,15,9,6,131.0000000,0.1600000
742,1540,1,127.5000000,49.5000000,717,716,15,9,6,131.0000000,0.1600000
743,1541,1,127.5000000,50.5000000,718,717,15,3,2,131.0000000,0.1600000
744,1542,1,127.5000000,51.5000000,719,718,15,3,2,131.0000000,0.1600000
745,1564,1,128.5000000,47.5000000,726,725,15,9,6,131.0000000,0.1600000
746,1565,1,128.5000000,48.5000000,727,726,15,9,6,131.0000000,0.1600000
747,1566,1,128.5000000,49.5000000,728,727,15,9,6,131.0000000,0.1600000
748,1589,1,129.5000000,47.5000000,734,733,14,9,6,131.0000000,0.1600000
749,1590,1,129.5000000,48.5000000,735,734,15,9,6,131.0000000,0.1600000
750,1591,1,129.5000000,49.5000000,736,735,15,3,2,131.0000000,0.1600000
751,1609,1,130.5000000,47.5000000,742,741,20,3,2,131.0000000,0.1600000
752,1610,1,130.5000000,48.5000000,743,742,15,9,6,131.0000000,0.1600000
753,1627,1,131.5000000,47.5000000,748,747,20,3,2,131.0000000,0.1600000
754,1644,1,132.5000000,47.5000000,751,750,20,3,2,131.0000000,0.1600000
755,1662,1,133.5000000,47.5000000,754,753,15,3,2,131.0000000,0.1600000
756,1663,1,133.5000000,48.5000000,755,754,15,3,2,131.0000000,0.1600000
757,1678,1,134.5000000,47.5000000,757,756,15,3,2,131.0000000,0.1600000
758,1679,1,134.5000000,48.5000000,758,757,15,3,2,131.0000000,0.1600000
587,1407,1,121.5000000,40.5000000,625,624,3,-9999,-9999,311.0000000,0.1500000
21,265,1,79.5000000,30.5000000,22,21,19,9,6,311.0000000,0.1500000
60,445,1,86.5000000,27.5000000,71,70,27,9,6,311.0000000,0.1500000
82,523,1,90.5000000,27.5000000,103,102,27,9,6,311.0000000,0.1500000
88,542,1,91.5000000,27.5000000,110,109,24,9,6,311.0000000,0.1500000
96,562,1,92.5000000,27.5000000,118,117,27,9,6,311.0000000,0.1500000
104,586,1,93.5000000,27.5000000,126,125,27,9,6,311.0000000,0.1500000
118,637,1,95.5000000,28.5000000,140,139,27,9,6,311.0000000,0.1500000
123,659,1,96.5000000,27.5000000,145,144,24,9,6,311.0000000,0.1500000
221,865,1,103.5000000,30.5000000,243,242,24,9,6,311.0000000,0.1500000
236,896,1,104.5000000,29.5000000,258,257,24,9,6,311.0000000,0.1500000
237,897,1,104.5000000,30.5000000,259,258,24,9,6,311.0000000,0.1500000
238,898,1,104.5000000,31.5000000,260,259,24,9,6,311.0000000,0.1500000
239,899,1,104.5000000,32.5000000,261,260,8,9,6,311.0000000,0.1500000
241,901,1,104.5000000,34.5000000,263,262,14,9,6,311.0000000,0.1500000
252,926,1,105.5000000,29.5000000,274,273,24,9,6,311.0000000,0.1500000
253,927,1,105.5000000,30.5000000,275,274,24,9,6,311.0000000,0.1500000
254,928,1,105.5000000,31.5000000,276,275,24,9,6,311.0000000,0.1500000
255,929,1,105.5000000,32.5000000,277,276,24,9,6,311.0000000,0.1500000
256,930,1,105.5000000,33.5000000,278,277,8,9,6,311.0000000,0.1500000
257,931,1,105.5000000,34.5000000,279,278,8,9,6,311.0000000,0.1500000
270,958,1,106.5000000,29.5000000,292,291,22,9,6,311.0000000,0.1500000
271,959,1,106.5000000,30.5000000,293,292,24,9,6,311.0000000,0.1500000
272,960,1,106.5000000,31.5000000,294,293,24,9,6,311.0000000,0.1500000
273,961,1,106.5000000,32.5000000,295,294,24,9,6,311.0000000,0.1500000
274,962,1,106.5000000,33.5000000,296,295,24,9,6,311.0000000,0.1500000
275,963,1,106.5000000,34.5000000,297,296,27,9,6,311.0000000,0.1500000
289,989,1,107.5000000,30.5000000,311,310,22,9,6,311.0000000,0.1500000
290,990,1,107.5000000,31.5000000,312,311,24,9,6,311.0000000,0.1500000
291,991,1,107.5000000,32.5000000,313,312,27,9,6,311.0000000,0.1500000
292,992,1,107.5000000,33.5000000,314,313,27,9,6,311.0000000,0.1500000
293,993,1,107.5000000,34.5000000,315,314,24,9,6,311.0000000,0.1500000
294,994,1,107.5000000,35.5000000,316,315,24,9,6,311.0000000,0.1500000
308,1018,1,108.5000000,31.5000000,330,329,24,9,6,311.0000000,0.1500000
309,1019,1,108.5000000,32.5000000,331,330,24,9,6,311.0000000,0.1500000
310,1020,1,108.5000000,33.5000000,332,331,15,9,6,311.0000000,0.1500000
311,1021,1,108.5000000,34.5000000,333,332,8,9,6,311.0000000,0.1500000
312,1022,1,108.5000000,35.5000000,334,333,15,9,6,311.0000000,0.1500000
313,1023,1,108.5000000,36.5000000,335,334,15,9,6,311.0000000,0.1500000
330,1049,1,109.5000000,31.5000000,352,351,24,9,6,311.0000000,0.1500000
331,1050,1,109.5000000,32.5000000,353,352,24,9,6,311.0000000,0.1500000
332,1051,1,109.5000000,33.5000000,354,353,27,9,6,311.0000000,0.1500000
333,1052,1,109.5000000,34.5000000,355,354,8,9,6,311.0000000,0.1500000
334,1053,1,109.5000000,35.5000000,356,355,24,9,6,311.0000000,0.1500000
335,1054,1,109.5000000,36.5000000,357,356,20,9,6,311.0000000,0.1500000
353,1080,1,110.5000000,31.5000000,375,374,27,9,6,311.0000000,0.1500000
354,1081,1,110.5000000,32.5000000,376,375,24,9,6,311.0000000,0.1500000
355,1082,1,110.5000000,33.5000000,377,376,24,9,6,311.0000000,0.1500000
356,1083,1,110.5000000,34.5000000,378,377,24,9,6,311.0000000,0.1500000
357,1084,1,110.5000000,35.5000000,379,378,8,9,6,311.0000000,0.1500000
358,1085,1,110.5000000,36.5000000,380,379,8,9,6,311.0000000,0.1500000
359,1086,1,110.5000000,37.5000000,381,380,8,9,6,311.0000000,0.1500000
372,1108,1,111.5000000,31.5000000,394,393,24,9,6,311.0000000,0.1500000
373,1109,1,111.5000000,32.5000000,395,394,22,9,6,311.0000000,0.1500000
374,1110,1,111.5000000,33.5000000,396,395,24,9,6,311.0000000,0.1500000
375,1111,1,111.5000000,34.5000000,397,396,24,9,6,311.0000000,0.1500000
376,1112,1,111.5000000,35.5000000,398,397,8,9,6,311.0000000,0.1500000
377,1113,1,111.5000000,36.5000000,399,398,20,9,6,311.0000000,0.1500000
378,1114,1,111.5000000,37.5000000,400,399,15,9,6,311.0000000,0.1500000
389,1132,1,112.5000000,27.5000000,411,410,22,9,6,311.0000000,0.1500000
390,1133,1,112.5000000,28.5000000,412,411,22,9,6,311.0000000,0.1500000
391,1134,1,112.5000000,29.5000000,413,412,22,9,6,311.0000000,0.1500000
392,1135,1,112.5000000,30.5000000,414,413,22,9,6,311.0000000,0.1500000
393,1136,1,112.5000000,31.5000000,415,414,22,9,6,311.0000000,0.1500000
394,1137,1,112.5000000,32.5000000,416,415,24,9,6,311.0000000,0.1500000
395,1138,1,112.5000000,33.5000000,417,416,24,9,6,311.0000000,0.1500000
396,1139,1,112.5000000,34.5000000,418,417,8,9,6,311.0000000,0.1500000
397,1140,1,112.5000000,35.5000000,419,418,8,9,6,311.0000000,0.1500000
398,1141,1,112.5000000,36.5000000,420,419,15,9,6,311.0000000,0.1500000
399,1142,1,112.5000000,37.5000000,421,420,8,9,6,311.0000000,0.1500000
400,1143,1,112.5000000,38.5000000,422,421,8,9,6,311.0000000,0.1500000
412,1162,1,113.5000000,29.5000000,434,433,22,9,6,311.0000000,0.1500000
413,1163,1,113.5000000,30.5000000,435,434,22,9,6,311.0000000,0.1500000
414,1164,1,113.5000000,31.5000000,436,435,22,9,6,311.0000000,0.1500000
415,1165,1,113.5000000,32.5000000,437,436,24,9,6,311.0000000,0.1500000
416,1166,1,113.5000000,33.5000000,438,437,24,9,6,311.0000000,0.1500000
417,1167,1,113.5000000,34.5000000,439,438,24,9,6,311.0000000,0.1500000
418,1168,1,113.5000000,35.5000000,440,439,24,9,6,311.0000000,0.1500000
419,1169,1,113.5000000,36.5000000,441,440,15,9,6,311.0000000,0.1500000
420,1170,1,113.5000000,37.5000000,442,441,15,9,6,311.0000000,0.1500000
421,1171,1,113.5000000,38.5000000,443,442,8,9,6,311.0000000,0.1500000
422,1172,1,113.5000000,39.5000000,444,443,15,9,6,311.0000000,0.1500000
432,1189,1,114.5000000,29.5000000,454,453,22,9,6,311.0000000,0.1500000
433,1190,1,114.5000000,30.5000000,455,454,22,9,6,311.0000000,0.1500000
434,1191,1,114.5000000,31.5000000,456,455,22,9,6,311.0000000,0.1500000
435,1192,1,114.5000000,32.5000000,457,456,22,9,6,311.0000000,0.1500000
436,1193,1,114.5000000,33.5000000,458,457,24,9,6,311.0000000,0.1500000
437,1194,1,114.5000000,34.5000000,459,458,24,9,6,311.0000000,0.1500000
438,1195,1,114.5000000,35.5000000,460,459,8,9,6,311.0000000,0.1500000
439,1196,1,114.5000000,36.5000000,461,460,8,9,6,311.0000000,0.1500000
440,1197,1,114.5000000,37.5000000,462,461,8,9,6,311.0000000,0.1500000
441,1198,1,114.5000000,38.5000000,463,462,8,9,6,311.0000000,0.1500000
442,1199,1,114.5000000,39.5000000,464,463,15,9,6,311.0000000,0.1500000
451,1214,1,115.5000000,28.5000000,473,472,22,9,6,311.0000000,0.1500000
452,1215,1,115.5000000,29.5000000,474,473,22,9,6,311.0000000,0.1500000
453,1216,1,115.5000000,30.5000000,475,474,22,9,6,311.0000000,0.1500000
454,1217,1,115.5000000,31.5000000,476,475,22,9,6,311.0000000,0.1500000
455,1218,1,115.5000000,32.5000000,477,476,22,9,6,311.0000000,0.1500000
456,1219,1,115.5000000,33.5000000,478,477,24,9,6,311.0000000,0.1500000
457,1220,1,115.5000000,34.5000000,479,478,24,9,6,311.0000000,0.1500000
458,1221,1,115.5000000,35.5000000,480,479,24,9,6,311.0000000,0.1500000
459,1222,1,115.5000000,36.5000000,481,480,8,9,6,311.0000000,0.1500000
460,1223,1,115.5000000,37.5000000,482,481,8,9,6,311.0000000,0.1500000
461,1224,1,115.5000000,38.5000000,483,482,8,9,6,311.0000000,0.1500000
462,1225,1,115.5000000,39.5000000,484,483,20,9,6,311.0000000,0.1500000
463,1226,1,115.5000000,40.5000000,485,484,15,9,6,311.0000000,0.1500000
471,1240,1,116.5000000,28.5000000,493,492,22,9,6,311.0000000,0.1500000
472,1241,1,116.5000000,29.5000000,494,493,22,9,6,311.0000000,0.1500000
473,1242,1,116.5000000,30.5000000,495,494,22,9,6,311.0000000,0.1500000
474,1243,1,116.5000000,31.5000000,496,495,22,9,6,311.0000000,0.1500000
475,1244,1,116.5000000,32.5000000,497,496,22,9,6,311.0000000,0.1500000
476,1245,1,116.5000000,33.5000000,498,497,24,9,6,311.0000000,0.1500000
477,1246,1,116.5000000,34.5000000,499,498,24,9,6,311.0000000,0.1500000
478,1247,1,116.5000000,35.5000000,500,499,24,9,6,311.0000000,0.1500000
479,1248,1,116.5000000,36.5000000,501,500,24,9,6,311.0000000,0.1500000
480,1249,1,116.5000000,37.5000000,502,501,8,9,6,311.0000000,0.1500000
481,1250,1,116.5000000,38.5000000,503,502,8,9,6,311.0000000,0.1500000
482,1251,1,116.5000000,39.5000000,504,503,8,9,6,311.0000000,0.1500000
483,1252,1,116.5000000,40.5000000,505,504,20,9,6,311.0000000,0.1500000
484,1253,1,116.5000000,41.5000000,506,505,15,9,6,311.0000000,0.1500000
492,1266,1,117.5000000,28.5000000,514,513,22,9,6,311.0000000,0.1500000
493,1267,1,117.5000000,29.5000000,515,514,22,9,6,311.0000000,0.1500000
494,1268,1,117.5000000,30.5000000,516,515,22,9,6,311.0000000,0.1500000
495,1269,1,117.5000000,31.5000000,517,516,22,9,6,311.0000000,0.1500000
496,1270,1,117.5000000,32.5000000,518,517,22,9,6,311.0000000,0.1500000
497,1271,1,117.5000000,33.5000000,519,518,24,9,6,311.0000000,0.1500000
498,1272,1,117.5000000,34.5000000,520,519,24,9,6,311.0000000,0.1500000
499,1273,1,117.5000000,35.5000000,521,520,24,9,6,311.0000000,0.1500000
500,1274,1,117.5000000,36.5000000,522,521,24,9,6,311.0000000,0.1500000
501,1275,1,117.5000000,37.5000000,523,522,24,9,6,311.0000000,0.1500000
502,1276,1,117.5000000,38.5000000,524,523,8,9,6,311.0000000,0.1500000
503,1277,1,117.5000000,39.5000000,525,524,24,9,6,311.0000000,0.1500000
504,1278,1,117.5000000,40.5000000,526,525,15,9,6,311.0000000,0.1500000
505,1279,1,117.5000000,41.5000000,527,526,15,9,6,311.0000000,0.1500000
506,1280,1,117.5000000,42.5000000,528,527,14,9,6,311.0000000,0.1500000
507,1281,1,117.5000000,43.5000000,529,528,14,9,6,311.0000000,0.1500000
514,1295,1,118.5000000,29.5000000,538,537,22,9,6,311.0000000,0.1500000
515,1296,1,118.5000000,30.5000000,539,538,22,9,6,311.0000000,0.1500000
516,1297,1,118.5000000,31.5000000,540,539,22,9,6,311.0000000,0.1500000
517,1298,1,118.5000000,32.5000000,541,540,22,9,6,311.0000000,0.1500000
518,1299,1,118.5000000,33.5000000,542,541,24,9,6,311.0000000,0.1500000
519,1300,1,118.5000000,34.5000000,543,542,24,9,6,311.0000000,0.1500000
520,1301,1,118.5000000,35.5000000,544,543,24,9,6,311.0000000,0.1500000
521,1302,1,118.5000000,36.5000000,545,544,24,9,6,311.0000000,0.1500000
522,1303,1,118.5000000,37.5000000,546,545,24,9,6,311.0000000,0.1500000
525,1306,1,118.5000000,40.5000000,549,548,20,9,6,311.0000000,0.1500000
526,1307,1,118.5000000,41.5000000,550,549,14,9,6,311.0000000,0.1500000
527,1308,1,118.5000000,42.5000000,551,550,15,9,6,311.0000000,0.1500000
536,1327,1,119.5000000,29.5000000,562,561,22,9,6,311.0000000,0.1500000
537,1328,1,119.5000000,30.5000000,563,562,22,9,6,311.0000000,0.1500000
538,1329,1,119.5000000,31.5000000,564,563,22,9,6,311.0000000,0.1500000
539,1330,1,119.5000000,32.5000000,565,564,22,9,6,311.0000000,0.1500000
540,1331,1,119.5000000,33.5000000,566,565,24,9,6,311.0000000,0.1500000
541,1332,1,119.5000000,34.5000000,567,566,24,9,6,311.0000000,0.1500000
542,1333,1,119.5000000,35.5000000,568,567,24,9,6,311.0000000,0.1500000
543,1334,1,119.5000000,36.5000000,569,568,24,9,6,311.0000000,0.1500000
545,1336,1,119.5000000,40.5000000,571,570,20,9,6,311.0000000,0.1500000
546,1337,1,119.5000000,41.5000000,572,571,15,9,6,311.0000000,0.1500000
547,1338,1,119.5000000,42.5000000,573,572,8,9,6,311.0000000,0.1500000
559,1363,1,120.5000000,30.5000000,590,589,22,9,6,311.0000000,0.1500000
560,1364,1,120.5000000,31.5000000,591,590,22,9,6,311.0000000,0.1500000
561,1365,1,120.5000000,32.5000000,592,591,22,9,6,311.0000000,0.1500000
565,1369,1,120.5000000,36.5000000,596,595,24,9,6,311.0000000,0.1500000
566,1370,1,120.5000000,37.5000000,597,596,20,9,6,311.0000000,0.1500000
568,1372,1,120.5000000,40.5000000,599,598,20,9,6,311.0000000,0.1500000
569,1373,1,120.5000000,41.5000000,600,599,20,9,6,311.0000000,0.1500000
570,1374,1,120.5000000,42.5000000,601,600,8,9,6,311.0000000,0.1500000
581,1401,1,121.5000000,31.5000000,619,618,22,9,6,311.0000000,0.1500000
584,1404,1,121.5000000,37.5000000,622,621,24,9,6,311.0000000,0.1500000
586,1406,1,121.5000000,39.5000000,624,623,20,9,6,311.0000000,0.1500000
588,1408,1,121.5000000,41.5000000,626,625,20,9,6,311.0000000,0.1500000
589,1409,1,121.5000000,42.5000000,627,626,20,9,6,311.0000000,0.1500000
598,1432,1,122.5000000,40.5000000,643,642,20,9,6,311.0000000,0.1500000
599,1433,1,122.5000000,41.5000000,644,643,20,9,6,311.0000000,0.1500000
600,1434,1,122.5000000,42.5000000,645,644,20,9,6,311.0000000,0.1500000
604,1448,1,123.5000000,40.5000000,656,655,20,9,6,311.0000000,0.1500000
605,1449,1,123.5000000,41.5000000,657,656,20,9,6,311.0000000,0.1500000
606,1450,1,123.5000000,42.5000000,658,657,20,9,6,311.0000000,0.1500000
607,1451,1,123.5000000,43.5000000,659,658,20,9,6,311.0000000,0.1500000
611,1466,1,124.5000000,40.5000000,670,669,15,9,6,311.0000000,0.1500000
612,1467,1,124.5000000,41.5000000,671,670,20,9,6,311.0000000,0.1500000
613,1468,1,124.5000000,42.5000000,672,671,20,9,6,311.0000000,0.1500000
614,1469,1,124.5000000,43.5000000,673,672,20,9,6,311.0000000,0.1500000
615,1470,1,124.5000000,45.5000000,674,673,20,9,6,311.0000000,0.1600000
617,1486,1,125.5000000,40.5000000,683,682,15,9,6,311.0000000,0.1500000
618,1487,1,125.5000000,41.5000000,684,683,15,9,6,311.0000000,0.1500000
619,1488,1,125.5000000,42.5000000,685,684,20,9,6,311.0000000,0.1500000
620,1489,1,125.5000000,43.5000000,686,685,20,9,6,311.0000000,0.1500000
621,1490,1,125.5000000,44.5000000,687,686,20,9,6,311.0000000,0.1600000
622,1491,1,125.5000000,45.5000000,688,687,20,9,6,311.0000000,0.1600000
624,1509,1,126.5000000,41.5000000,697,696,20,9,6,311.0000000,0.1500000
625,1510,1,126.5000000,42.5000000,698,697,15,9,6,311.0000000,0.1500000
626,1511,1,126.5000000,43.5000000,699,698,15,9,6,311.0000000,0.1500000
627,1512,1,126.5000000,44.5000000,700,699,20,9,6,311.0000000,0.1600000
628,1513,1,126.5000000,45.5000000,701,700,20,9,6,311.0000000,0.1600000
630,1532,1,127.5000000,41.5000000,709,708,15,9,6,311.0000000,0.1500000
631,1533,1,127.5000000,42.5000000,710,709,15,9,6,311.0000000,0.1500000
632,1534,1,127.5000000,43.5000000,711,710,15,9,6,311.0000000,0.1500000
633,1535,1,127.5000000,44.5000000,712,711,15,9,6,311.0000000,0.1600000
634,1536,1,127.5000000,45.5000000,713,712,15,9,6,311.0000000,0.1600000
636,1558,1,128.5000000,41.5000000,720,719,14,9,6,311.0000000,0.1500000
637,1559,1,128.5000000,42.5000000,721,720,15,9,6,311.0000000,0.1500000
638,1560,1,128.5000000,43.5000000,722,721,15,9,6,311.0000000,0.1500000
639,1561,1,128.5000000,44.5000000,723,722,14,9,6,311.0000000,0.1600000
640,1562,1,128.5000000,45.5000000,724,723,20,9,6,311.0000000,0.1600000
642,1584,1,129.5000000,42.5000000,729,728,15,9,6,311.0000000,0.1500000
643,1585,1,129.5000000,43.5000000,730,729,15,9,6,311.0000000,0.1500000
644,1586,1,129.5000000,44.5000000,731,730,20,9,6,311.0000000,0.1600000
645,1587,1,129.5000000,45.5000000,732,731,14,9,6,311.0000000,0.1600000
646,1588,1,129.5000000,46.5000000,733,732,15,9,6,311.0000000,0.1600000
647,1604,1,130.5000000,42.5000000,737,736,20,9,6,311.0000000,0.1500000
648,1605,1,130.5000000,43.5000000,738,737,15,9,6,311.0000000,0.1500000
649,1606,1,130.5000000,44.5000000,739,738,15,9,6,311.0000000,0.1600000
650,1607,1,130.5000000,45.5000000,740,739,15,9,6,311.0000000,0.1600000
651,1608,1,130.5000000,46.5000000,741,740,20,9,6,311.0000000,0.1600000
652,1623,1,131.5000000,43.5000000,744,743,15,9,6,311.0000000,0.1500000
653,1624,1,131.5000000,44.5000000,745,744,15,9,6,311.0000000,0.1600000
655,1626,1,131.5000000,46.5000000,747,746,15,9,6,311.0000000,0.1600000
659,1661,1,133.5000000,46.5000000,753,752,15,9,6,311.0000000,0.1600000
660,1677,1,134.5000000,46.5000000,756,755,15,9,6,311.0000000,0.1600000
73,486,1,88.5000000,27.5000000,90,89,8,12,-9999,403.0000000,0.1500000
8,137,1,75.5000000,39.5000000,9,8,19,-9999,-9999,133.0000000,0.1500000
11,172,1,76.5000000,35.5000000,12,11,1,8,4,133.0000000,0.1500000
14,175,1,76.5000000,39.5000000,15,14,19,-9999,-9999,133.0000000,0.1500000
15,176,1,76.5000000,40.5000000,16,15,1,-9999,-9999,133.0000000,0.1500000
20,237,1,78.5000000,40.5000000,21,20,19,-9999,-9999,133.0000000,0.1500000
22,266,1,79.5000000,41.5000000,23,22,19,-9999,-9999,133.0000000,0.1500000
26,295,1,80.5000000,41.5000000,27,26,19,-9999,-9999,133.0000000,0.1500000
32,324,1,81.5000000,41.5000000,33,32,19,-9999,-9999,133.0000000,0.1500000
46,380,1,83.5000000,44.5000000,48,47,19,-9999,-9999,133.0000000,0.1500000
51,403,1,84.5000000,43.5000000,56,55,1,-9999,6,133.0000000,0.1500000
52,404,1,84.5000000,44.5000000,57,56,19,-9999,-9999,133.0000000,0.1500000
55,424,1,85.5000000,42.5000000,63,62,1,-9999,-9999,133.0000000,0.1500000
57,426,1,85.5000000,44.5000000,65,64,19,-9999,-9999,133.0000000,0.1500000
58,427,1,85.5000000,45.5000000,66,65,19,-9999,-9999,133.0000000,0.1500000
62,447,1,86.5000000,41.5000000,73,72,19,-9999,-9999,133.0000000,0.1500000
63,448,1,86.5000000,42.5000000,74,73,8,-9999,-9999,133.0000000,0.1500000
65,450,1,86.5000000,44.5000000,76,75,8,-9999,-9999,133.0000000,0.1500000
66,451,1,86.5000000,46.5000000,77,76,19,-9999,-9999,133.0000000,0.1500000
69,468,1,87.5000000,42.5000000,83,82,19,-9999,-9999,133.0000000,0.1500000
71,470,1,87.5000000,44.5000000,85,84,8,-9999,-9999,133.0000000,0.1500000
72,471,1,87.5000000,46.5000000,86,85,19,-9999,-9999,133.0000000,0.1500000
75,488,1,88.5000000,44.5000000,92,91,8,-9999,-9999,133.0000000,0.1500000
76,489,1,88.5000000,46.5000000,93,92,8,-9999,-9999,133.0000000,0.1500000
81,508,1,89.5000000,46.5000000,100,99,8,-9999,-9999,133.0000000,0.1500000
86,527,1,90.5000000,45.5000000,107,106,8,-9999,-9999,133.0000000,0.1500000
87,528,1,90.5000000,46.5000000,108,107,5,-9999,-9999,133.0000000,0.1500000
93,547,1,91.5000000,43.5000000,115,114,19,-9999,-9999,133.0000000,0.1500000
94,548,1,91.5000000,46.5000000,116,115,8,-9999,6,133.0000000,0.1500000
110,592,1,93.5000000,43.5000000,132,131,8,-9999,6,133.0000000,0.1500000
664,384,1,83.5000000,48.5000000,52,51,18,-9999,-9999,133.0000000,0.1500000
667,407,1,84.5000000,48.5000000,60,59,13,-9999,-9999,133.0000000,0.1500000
670,430,1,85.5000000,48.5000000,69,68,13,-9999,-9999,133.0000000,0.1500000
672,452,1,86.5000000,47.5000000,78,77,13,-9999,-9999,133.0000000,0.1500000
673,453,1,86.5000000,48.5000000,79,78,13,-9999,-9999,133.0000000,0.1500000
675,472,1,87.5000000,47.5000000,87,86,8,-9999,-9999,133.0000000,0.1500000
676,473,1,87.5000000,48.5000000,88,87,5,-9999,6,133.0000000,0.1500000
678,490,1,88.5000000,47.5000000,94,93,8,-9999,-9999,133.0000000,0.1500000
680,509,1,89.5000000,47.5000000,101,100,5,-9999,6,133.0000000,0.1500000
681,510,1,89.5000000,48.5000000,102,101,8,-9999,6,133.0000000,0.1500000
49,401,1,84.5000000,28.5000000,54,53,2,-9999,6,311.0000000,0.1500000
67,466,1,87.5000000,27.5000000,81,80,1,-9999,6,311.0000000,0.1500000
77,504,1,89.5000000,27.5000000,96,95,1,-9999,6,311.0000000,0.1500000
105,587,1,93.5000000,28.5000000,127,126,14,-9999,6,311.0000000,0.1500000
108,590,1,93.5000000,31.5000000,130,129,1,-9999,6,311.0000000,0.1500000
112,613,1,94.5000000,28.5000000,134,133,27,-9999,6,311.0000000,0.1500000
113,614,1,94.5000000,29.5000000,135,134,14,-9999,6,311.0000000,0.1500000
114,615,1,94.5000000,30.5000000,136,135,14,-9999,6,311.0000000,0.1500000
119,638,1,95.5000000,29.5000000,141,140,8,-9999,6,311.0000000,0.1500000
120,639,1,95.5000000,30.5000000,142,141,1,-9999,6,311.0000000,0.1500000
121,640,1,95.5000000,31.5000000,143,142,1,-9999,6,311.0000000,0.1500000
125,661,1,96.5000000,29.5000000,147,146,1,8,4,311.0000000,0.1500000
135,689,1,97.5000000,30.5000000,157,156,1,-9999,6,311.0000000,0.1500000
141,711,1,98.5000000,26.5000000,163,162,27,-9999,6,311.0000000,0.1500000
142,712,1,98.5000000,27.5000000,164,163,27,-9999,6,311.0000000,0.1500000
143,713,1,98.5000000,28.5000000,165,164,27,-9999,6,311.0000000,0.1500000
144,714,1,98.5000000,29.5000000,166,165,27,-9999,6,311.0000000,0.1500000
146,716,1,98.5000000,31.5000000,168,167,14,-9999,6,311.0000000,0.1500000
155,738,1,99.5000000,26.5000000,177,176,27,-9999,6,311.0000000,0.1500000
156,739,1,99.5000000,27.5000000,178,177,27,-9999,6,311.0000000,0.1500000
157,740,1,99.5000000,28.5000000,179,178,1,-9999,6,311.0000000,0.1500000
158,741,1,99.5000000,29.5000000,180,179,14,-9999,6,311.0000000,0.1500000
171,768,1,100.5000000,27.5000000,193,192,1,-9999,6,311.0000000,0.1500000
174,771,1,100.5000000,30.5000000,196,195,14,-9999,6,311.0000000,0.1500000
188,800,1,101.5000000,28.5000000,210,209,28,-9999,6,311.0000000,0.1500000
189,801,1,101.5000000,29.5000000,211,210,14,-9999,6,311.0000000,0.1500000
192,804,1,101.5000000,32.5000000,214,213,14,-9999,6,311.0000000,0.1500000
296,1006,1,108.5000000,18.5000000,318,317,3,-9999,-9999,403.0000000,0.1500000
297,1007,1,108.5000000,19.5000000,319,318,3,-9999,-9999,403.0000000,0.1500000
298,1008,1,108.5000000,21.5000000,320,319,24,-9999,-9999,403.0000000,0.1500000
319,1038,1,109.5000000,20.5000000,341,340,3,-9999,-9999,403.0000000,0.1500000
320,1039,1,109.5000000,21.5000000,342,341,24,-9999,-9999,403.0000000,0.1500000
340,1067,1,110.5000000,18.5000000,362,361,3,-9999,-9999,403.0000000,0.1500000
342,1069,1,110.5000000,20.5000000,364,363,30,-9999,-9999,403.0000000,0.1500000
362,1098,1,111.5000000,21.5000000,384,383,24,-9999,-9999,403.0000000,0.1500000
383,1126,1,112.5000000,21.5000000,405,404,3,-9999,-9999,403.0000000,0.1500000
404,1154,1,113.5000000,21.5000000,426,425,3,-9999,-9999,403.0000000,0.1500000
424,1181,1,114.5000000,21.5000000,446,445,3,-9999,-9999,403.0000000,0.1500000
425,1182,1,114.5000000,22.5000000,447,446,24,-9999,-9999,403.0000000,0.1500000
445,1208,1,115.5000000,22.5000000,467,466,3,-9999,-9999,403.0000000,0.1500000
465,1234,1,116.5000000,22.5000000,487,486,3,-9999,-9999,403.0000000,0.1500000
487,1261,1,117.5000000,23.5000000,509,508,3,-9999,-9999,403.0000000,0.1500000
509,1290,1,118.5000000,24.5000000,533,532,22,-9999,-9999,403.0000000,0.1500000
531,1322,1,119.5000000,24.5000000,557,556,3,-9999,-9999,403.0000000,0.1500000
554,1358,1,120.5000000,24.5000000,585,584,3,-9999,-9999,403.0000000,0.1500000
574,1394,1,121.5000000,23.5000000,612,611,22,-9999,-9999,403.0000000,0.1500000
576,1396,1,121.5000000,25.5000000,614,613,3,-9999,-9999,403.0000000,0.1500000
661,1356,1,120.5000000,22.5000000,759,758,3,-9999,-9999,403.0000000,0.1500000
179,776,1,100.5000000,38.5000000,201,200,14,-9999,6,354.0000000,0.1500000
180,777,1,100.5000000,39.5000000,202,201,19,-9999,-9999,354.0000000,0.1500000
196,808,1,101.5000000,38.5000000,218,217,8,-9999,-9999,354.0000000,0.1500000
204,832,1,102.5000000,29.5000000,226,225,24,-9999,6,354.0000000,0.1500000
210,838,1,102.5000000,35.5000000,232,231,1,-9999,6,354.0000000,0.1500000
219,863,1,103.5000000,28.5000000,241,240,27,-9999,6,354.0000000,0.1500000
220,864,1,103.5000000,29.5000000,242,241,24,-9999,6,354.0000000,0.1500000
222,866,1,103.5000000,31.5000000,244,243,24,-9999,6,354.0000000,0.1500000
223,867,1,103.5000000,32.5000000,245,244,27,-9999,6,354.0000000,0.1500000
225,869,1,103.5000000,34.5000000,247,246,15,-9999,6,354.0000000,0.1500000
228,872,1,103.5000000,37.5000000,250,249,8,-9999,-9999,354.0000000,0.1500000
240,900,1,104.5000000,33.5000000,262,261,27,-9999,6,354.0000000,0.1500000
243,903,1,104.5000000,36.5000000,265,264,8,-9999,-9999,354.0000000,0.1500000
244,904,1,104.5000000,37.5000000,266,265,19,-9999,-9999,354.0000000,0.1500000
260,934,1,105.5000000,38.5000000,282,281,19,-9999,6,354.0000000,0.1500000
261,935,1,105.5000000,39.5000000,283,282,19,-9999,-9999,354.0000000,0.1500000
279,967,1,106.5000000,40.5000000,301,300,19,-9999,-9999,354.0000000,0.1500000
316,1026,1,108.5000000,41.5000000,338,337,19,-9999,-9999,354.0000000,0.1500000
523,1304,1,118.5000000,38.5000000,547,546,3,-9999,-9999,354.0000000,0.1500000
524,1305,1,118.5000000,39.5000000,548,547,20,3,2,354.0000000,0.1500000
544,1335,1,119.5000000,39.5000000,570,569,3,-9999,-9999,354.0000000,0.1500000
555,1359,1,120.5000000,26.5000000,586,585,3,-9999,-9999,354.0000000,0.1500000
562,1366,1,120.5000000,33.5000000,593,592,22,3,2,354.0000000,0.1500000
563,1367,1,120.5000000,34.5000000,594,593,3,-9999,-9999,354.0000000,0.1500000
564,1368,1,120.5000000,35.5000000,595,594,3,-9999,-9999,354.0000000,0.1500000
567,1371,1,120.5000000,38.5000000,598,597,3,-9999,-9999,354.0000000,0.1500000
577,1397,1,121.5000000,27.5000000,615,614,3,-9999,-9999,354.0000000,0.1500000
579,1399,1,121.5000000,29.5000000,617,616,22,-9999,-9999,354.0000000,0.1500000
580,1400,1,121.5000000,30.5000000,618,617,3,-9999,-9999,354.0000000,0.1500000
582,1402,1,121.5000000,32.5000000,620,619,3,-9999,-9999,354.0000000,0.1500000
583,1403,1,121.5000000,36.5000000,621,620,3,-9999,-9999,354.0000000,0.1500000
585,1405,1,121.5000000,38.5000000,623,622,3,-9999,-9999,354.0000000,0.1500000
593,1426,1,122.5000000,29.5000000,638,637,3,-9999,-9999,354.0000000,0.1500000
594,1427,1,122.5000000,30.5000000,639,638,22,-9999,-9999,354.0000000,0.1500000
595,1428,1,122.5000000,36.5000000,640,639,3,-9999,-9999,354.0000000,0.1500000
596,1429,1,122.5000000,37.5000000,641,640,24,-9999,-9999,354.0000000,0.1500000
597,1431,1,122.5000000,39.5000000,642,641,20,-9999,-9999,354.0000000,0.1500000
603,1447,1,123.5000000,39.5000000,655,654,3,-9999,-9999,354.0000000,0.1500000
610,1465,1,124.5000000,39.5000000,669,668,3,-9999,-9999,354.0000000,0.1500000
